4294967278,281
4294967279,217
91,13
91,12
91,10
91,9
91,8
91,7
91,6
91,14
4294967278,375
4294967279,155
92,1
4294967278,154
91,5
4294967279,154
4294967278,153
4294967279,153
4294967278,152
4294967279,152
4294967278,151
4294967279,151
4294967278,150
4294967279,150
4294967278,149
4294967279,149
91,11
50,1
4294967278,148
4294967279,450
4294967278,279
4294967279,239
4294967278,277
4294967278,275
4294967279,449
4294967278,339
4294967279,143
33,5
3,5
39,5
44,6
37,6
4294967278,142
4294967279,142
4294967278,141
4294967279,141
4294967278,140
4294967279,140
4294967278,139
4294967279,139
38,4
91,4
92,4
4,4
66,4
81,4
63,4
76,4
78,4
73,4
100,4
69,4
98,4
50,4
35,4
4294967294,1444
4294967278,338
4294967294,1448
4294967278,429
4294967278,133
4294967278,272
4294967278,282
4294967279,291
302,10
4294967278,271
302,9
4294967279,274
302,8
4294967278,270
302,7
4294967279,273
302,6
4294967278,269
302,5
4294967279,272
302,4
4294967278,268
302,3
302,2
302,1
4294967278,336
4294967279,271
85,4
4294967278,335
4294967294,393
4294967294,1423
4294967294,46
4294967294,1431
4294967294,390
4294967294,120
4294967294,114
4294967294,2
4294967278,426
4294967278,398
4294967279,266
4294967278,263
4294967279,265
4294967278,278
4294967278,303
4294967279,264
301,10
4294967278,261
301,9
4294967279,263
301,8
4294967278,259
301,7
4294967279,262
301,6
4294967278,258
301,5
4294967279,284
301,4
4294967278,257
301,3
301,2
301,1
4294967278,274
4294967279,259
95,4
4294967278,381
4294967294,1457
4294967294,0
4294967294,45
4294967294,44
4294967294,29
4294967294,28
4294967294,91
4294967294,90
4294967294,87
4294967294,86
4294967294,85
4294967294,84
4294967294,220
4294967294,187
4294967294,53
4294967294,40
4294967294,38
4294967294,37
4294967279,315
4294967278,365
4294967279,307
4294967278,267
4294967279,302
4294967278,298
4294967279,301
4294967278,296
4294967278,252
4294967294,96
4294967294,94
4294967279,300
300,10
4294967278,295
300,9
4294967279,255
300,8
4294967278,294
300,7
4294967279,299
300,6
4294967278,254
300,5
4294967279,254
300,4
4294967278,253
300,3
300,2
300,1
4294967294,9
4294967279,253
4294967294,8
0,7
96,4
4294967294,1458
4294967294,1456
4294967294,50
4294967294,426
4294967294,216
4294967294,211
4294967294,262
4294967294,209
4294967294,205
4294967294,208
4294967294,258
4294967294,256
4294967294,1455
4294967294,1467
4294967294,51
4294967294,388
4294967294,387
4294967294,1429
4294967294,176
4294967294,173
4294967294,1441
4294967294,162
4294967294,92
4294967294,88
44,4
37,4
91,1
85,1
39,4
42,4
40,4
66,1
62,68
62,67
62,66
62,65
62,64
62,50
62,49
62,48
62,47
62,46
62,45
62,44
62,43
62,42
62,41
62,40
62,39
62,38
62,69
62,37
62,34
62,36
62,35
62,33
62,31
62,26
62,32
62,25
62,73
62,72
62,71
62,70
62,74
62,24
62,23
62,22
62,21
62,20
62,19
62,4
4294967294,482
4294967294,484
73,1
0,5
4294967294,483
4294967294,485
3,4
13,4
33,4
4294967294,473
103,18
103,19
103,17
103,16
103,4
56,4
47,4
4294967294,480
4294967294,21
4294967294,160
4294967294,168
4294967294,97
4294967294,104
4294967294,106
4294967294,166
4294967294,24
4294967294,25
4294967294,189
4294967294,184
4294967294,384
4294967294,185
2,4
4294967294,126
4294967294,470
4294967294,221
4294967294,27
4294967294,127
4294967294,1446
4294967294,1428
4294967294,1434
4294967294,481
4294967294,17
4294967294,67
4294967294,99
4294967294,76
4294967294,36
4294967294,41
4294967294,1422
4294967294,43
4294967294,1450
4294967294,52
4294967294,479
4294967294,26
4294967294,39
4294967294,42
4294967294,5
4294967294,93
4294967294,95
4294967294,1435
4294967294,1439
4294967294,1
4294967294,1430
4294967294,1432
4294967294,7
4294967294,6
4294967294,22
4294967294,82
4294967294,81
4294967294,270
4294967294,1420
4294967294,83
4294967293,131
4294967293,130
4294967293,129
4294967293,128
4294967293,127
4294967293,126
4294967293,125
4294967293,124
4294967293,123
4294967293,122
4294967293,121
4294967293,120
4294967293,119
4294967293,118
4294967293,117
4294967293,116
4294967293,115
4294967293,114
4294967293,113
4294967293,112
4294967293,111
4294967293,110
4294967293,109
4294967293,108
4294967293,107
4294967293,106
4294967293,105
4294967293,104
4294967293,103
4294967293,102
4294967293,101
4294967293,100
4294967293,99
4294967293,98
4294967293,97
4294967293,96
4294967293,95
4294967293,94
4294967293,93
4294967293,92
4294967293,91
4294967293,90
4294967293,89
4294967293,87
4294967293,86
4294967293,85
4294967293,84
4294967293,83
4294967293,82
4294967293,81
4294967293,80
4294967293,79
4294967293,78
4294967293,77
4294967293,76
4294967293,75
4294967293,74
4294967293,73
4294967293,72
4294967293,71
4294967293,70
4294967293,69
4294967293,68
4294967293,67
4294967293,66
4294967293,65
4294967293,64
4294967293,63
4294967293,62
4294967293,61
4294967293,60
4294967293,59
4294967293,58
4294967293,57
4294967293,56
4294967293,55
4294967293,54
4294967293,53
4294967293,52
4294967293,51
4294967293,50
4294967293,49
4294967293,48
4294967293,47
4294967293,46
4294967293,45
4294967293,44
4294967293,43
4294967293,42
4294967293,41
4294967293,40
4294967293,39
4294967293,38
4294967293,37
4294967293,36
4294967293,35
4294967293,34
4294967293,33
4294967293,32
4294967293,31
4294967293,30
4294967293,29
4294967293,28
4294967293,27
4294967293,26
4294967293,25
4294967293,24
4294967293,23
4294967293,22
4294967293,21
4294967293,20
4294967293,19
4294967293,18
4294967293,17
4294967293,16
4294967293,15
4294967293,14
4294967293,13
4294967293,12
4294967293,11
4294967293,10
4294967293,9
4294967293,8
4294967293,7
4294967293,6
4294967293,5
4294967293,4
4294967293,3
4294967278,132
4294967278,131
4294967278,130
4294967278,129
4294967278,128
4294967278,127
4294967278,361
4294967278,126
4294967278,125
4294967278,391
4294967278,124
4294967278,123
4294967278,122
4294967278,121
4294967278,120
4294967278,119
4294967278,118
4294967278,117
4294967278,116
4294967278,115
4294967278,114
4294967278,113
4294967278,417
4294967278,112
4294967278,111
4294967278,262
4294967278,110
4294967278,256
4294967278,109
4294967278,447
4294967278,108
4294967278,446
4294967278,437
4294967278,331
4294967278,104
